0.249234
0.133993
0.127000
0.123138
0.124278
0.126745
0.123790
0.123736
0.127455
0.123179
0.126404
0.122881
0.125479
0.127653
0.122002
0.124747
0.126592
0.123649
0.123210
0.123952
0.123884
0.128503
0.123343
0.122750
0.128728
0.127508
0.124350
0.127247
0.147005
0.125863
0.123303
0.124523
0.126533
0.131171
0.125436
0.131619
0.126620
0.124625
0.125543
0.125990
0.124974
0.133500
0.125592
0.121870
0.124423
0.134925
0.125715
0.128262
0.125659
0.124627
0.123362
0.123599
0.123954
0.121275
0.121960
0.125832
0.127126
0.126696
0.124309
0.127005
0.121838
0.125082
0.125354
0.124413
0.145863
0.123704
0.134861
0.128726
0.147991
0.151401
0.152390
0.158187
0.150758
0.144220
0.152425
0.149262
0.146241
0.143187
0.133929
0.153224
0.161245
0.150512
0.150492
0.149221
0.152489
0.136784
0.132390
0.129712
0.155797
0.201878
0.199165
0.165650
0.150191
0.147592
0.144735
0.145969
0.154297
0.159054
0.128099
0.146272
