0.161287
0.189201
0.190621
0.181517
0.187145
0.161543
0.197527
0.234950
0.173036
0.168666
0.156607
0.190598
0.157037
0.170388
0.168613
0.179806
0.160220
0.171467
0.157748
0.160193
0.159045
0.159706
0.170152
0.161499
0.164711
0.156714
0.157319
0.170144
0.157696
0.182507
0.156900
0.170970
0.182070
0.157949
0.160252
0.176491
0.159914
0.166249
0.172179
0.163097
0.164723
0.161136
0.176338
0.163716
0.166372
0.168830
0.170031
0.170437
0.162364
0.158005
0.165381
0.171079
0.163267
0.169785
0.168159
0.160180
0.164979
0.166717
0.169700
0.158038
0.157975
0.161503
0.183810
0.175823
0.167253
0.156503
0.156516
0.173452
0.156237
0.196667
0.160951
0.154998
0.170251
0.157836
0.159629
0.156818
0.155998
0.164424
0.155211
0.155233
0.162530
0.156818
0.165781
0.155741
0.156499
0.169060
0.158512
0.156141
0.154988
0.155482
0.161240
0.156071
0.160295
0.167447
0.158583
0.162002
0.157415
0.157174
0.163696
0.158558
